3,2
3,1
3,3
10,277
10,31
10,210
10,272
10,251
10,88
10,176
10,2
10,3
11,27
11,12
11,9
11,8
11,16
9,7
9,1
9,5
9,2
9,3
8,18
8,11
8,8
8,2
8,3
0,318
71,3
71,2
71,1
71,0
70,3
70,2
70,1
70,0
69,4
69,3
69,2
69,1
69,0
68,3
68,2
68,1
68,0
67,3
67,2
67,1
67,0
66,4
66,3
66,2
66,1
66,0
65,3
65,2
65,1
65,0
64,5
64,4
64,3
64,2
64,1
64,0
63,12
63,11
63,10
63,9
63,8
63,7
63,6
63,5
63,4
63,3
63,2
63,1
63,0
62,3
62,2
62,1
62,0
61,3
61,2
61,1
61,0
60,3
60,2
60,1
60,0
49,3
49,1
44,3
44,1
20,3
20,2
20,1
19,3
19,2
19,1
18,3
18,1
14,5
12,3
12,2
12,1
14,1
11,30
14,4
11,29
14,3
11,28
11,26
13,1
